   1.0000000e-01   1.0000000e-01   0.0000000e+00   0.0000000e+00
   1.4756209e-01   1.5558275e-01   6.1901474e-04   6.3783224e-04
   1.9648359e-01   2.1751703e-01   1.4732496e-03   1.5622991e-03
   2.4774188e-01   2.8895548e-01   2.5727682e-03   2.8134081e-03
   3.0201934e-01   3.7352880e-01   3.9297240e-03   4.4457870e-03
   3.5949514e-01   4.7469947e-01   5.5585695e-03   6.5334945e-03
   4.1982839e-01   5.9398736e-01   7.4730254e-03   9.1596379e-03
   4.8202114e-01   7.2772865e-01   9.6835296e-03   1.2402002e-02
   5.4452697e-01   8.6470585e-01   1.2194943e-02   1.6307849e-02
   6.0548541e-01   9.8558946e-01   1.5002665e-02   2.0845390e-02
   6.6326478e-01   1.0747795e+00   1.8093124e-02   2.5891200e-02
   7.1645026e-01   1.1306857e+00   2.1445439e-02   3.1277888e-02
   7.6368287e-01   1.1615752e+00   2.5031998e-02   3.6852564e-02
   8.0381719e-01   1.1772291e+00   2.8818602e-02   4.2514309e-02
   8.3614523e-01   1.1852522e+00   3.2767394e-02   4.8202720e-02
   8.6066880e-01   1.1896912e+00   3.6838780e-02   5.3888684e-02
   8.7811646e-01   1.1917516e+00   4.0994828e-02   5.9559096e-02
   8.8966735e-01   1.1916241e+00   4.5202740e-02   6.5204742e-02
   8.9654678e-01   1.1898881e+00   4.9434926e-02   7.0818147e-02
   8.9986051e-01   1.1872508e+00   5.3674085e-02   7.6394872e-02
   9.0063049e-01   1.1842902e+00   5.7903404e-02   8.1930832e-02
   8.9957135e-01   1.1811332e+00   6.2108876e-02   8.7422849e-02
   8.9703169e-01   1.1775648e+00   6.6284885e-02   9.2870418e-02
   8.9360454e-01   1.1738240e+00   7.0421407e-02   9.8271191e-02
   8.8935899e-01   1.1698090e+00   7.4518919e-02   1.0362570e-01
   8.8467568e-01   1.1656184e+00   7.8570881e-02   1.0893248e-01
   8.7948692e-01   1.1612652e+00   8.2578779e-02   1.1419171e-01
   8.7401656e-01   1.1567884e+00   8.6538921e-02   1.1940265e-01
   8.6819504e-01   1.1522239e+00   9.0451688e-02   1.2456528e-01
   8.6215028e-01   1.1476009e+00   9.4314413e-02   1.2967911e-01
   8.5585906e-01   1.1429137e+00   9.8125765e-02   1.3474409e-01
   8.4931011e-01   1.1381547e+00   1.0188708e-01   1.3976038e-01
   8.4251430e-01   1.1333244e+00   1.0559773e-01   1.4472788e-01
   8.3554905e-01   1.1284248e+00   1.0925334e-01   1.4964602e-01
   8.2837067e-01   1.1234547e+00   1.1285637e-01   1.5451514e-01
   8.2097915e-01   1.1184142e+00   1.1640684e-01   1.5933522e-01
   8.1337073e-01   1.1132871e+00   1.1989951e-01   1.6410545e-01
   8.0554732e-01   1.1080817e+00   1.2333705e-01   1.6882624e-01
   7.9750896e-01   1.1027981e+00   1.2671949e-01   1.7349760e-01
   7.8918080e-01   1.0974059e+00   1.3004192e-01   1.7811851e-01
   7.8058282e-01   1.0919131e+00   1.3330564e-01   1.8268925e-01
   7.7172546e-01   1.0863240e+00   1.3651134e-01   1.8720995e-01
   7.6235731e-01   1.0805669e+00   1.3964637e-01   1.9167749e-01
   7.5252278e-01   1.0746544e+00   1.4271296e-01   1.9609243e-01
   7.4231698e-01   1.0686136e+00   1.4571590e-01   2.0045595e-01
   7.3173988e-01   1.0624446e+00   1.4865519e-01   2.0476804e-01
   7.2079150e-01   1.0561474e+00   1.5153083e-01   2.0902870e-01
   7.0947184e-01   1.0497220e+00   1.5434281e-01   2.1323795e-01
   6.9721888e-01   1.0430061e+00   1.5707244e-01   2.1739089e-01
   6.8423001e-01   1.0360567e+00   1.5972629e-01   2.2148924e-01
   6.7056314e-01   1.0288905e+00   1.6230628e-01   2.2553351e-01
   6.5584402e-01   1.0214021e+00   1.6480023e-01   2.2952039e-01
   6.3988600e-01   1.0135388e+00   1.6720204e-01   2.3344825e-01
   6.2286142e-01   1.0053492e+00   1.6951734e-01   2.3731860e-01
   6.0394498e-01   9.9660280e-01   1.7172206e-01   2.4112482e-01
   5.8341636e-01   9.8737771e-01   1.7382434e-01   2.4486916e-01
   5.6048155e-01   9.7744925e-01   1.7580318e-01   2.4854578e-01
   5.3506647e-01   9.6679574e-01   1.7765667e-01   2.5215415e-01
   5.0597950e-01   9.5506580e-01   1.7935479e-01   2.5568581e-01
   4.7329978e-01   9.4227517e-01   1.8089989e-01   2.5914138e-01
   4.3579593e-01   9.2803081e-01   1.8226231e-01   2.6251229e-01
   3.9221611e-01   9.1186060e-01   1.8340947e-01   2.6578855e-01
   3.4191654e-01   8.9344052e-01   1.8432182e-01   2.6896366e-01
   2.8375906e-01   8.7207218e-01   1.8495863e-01   2.7202334e-01
   2.1734680e-01   8.4698959e-01   1.8528143e-01   2.7495145e-01
   1.4316765e-01   8.1737729e-01   1.8525618e-01   2.7773052e-01
   6.3468394e-02   7.8212570e-01   1.8484915e-01   2.8033611e-01
  -1.6728853e-02   7.3972120e-01   1.8402469e-01   2.8272550e-01
  -9.0999137e-02   6.8963833e-01   1.8283628e-01   2.8488346e-01
  -1.5314772e-01   6.3030697e-01   1.8131263e-01   2.8675783e-01
  -1.9938811e-01   5.6031220e-01   1.7952238e-01   2.8830090e-01
  -2.2979012e-01   4.7790671e-01   1.7754931e-01   2.8945688e-01
  -2.4663592e-01   3.8129555e-01   1.7546952e-01   2.9016150e-01
  -2.5300685e-01   2.6981545e-01   1.7334408e-01   2.9034400e-01
  -2.5158263e-01   1.4690629e-01   1.7121743e-01   2.8994076e-01
  -2.4456986e-01   2.1514463e-02   1.6912443e-01   2.8891215e-01
  -2.3384932e-01  -9.0480247e-02   1.6708661e-01   2.8729107e-01
  -2.2128751e-01  -1.7633060e-01   1.6511771e-01   2.8518103e-01
  -2.0844542e-01  -2.3269209e-01   1.6322261e-01   2.8272637e-01
  -1.9637233e-01  -2.6503205e-01   1.6139952e-01   2.8006616e-01
  -1.8554037e-01  -2.8170579e-01   1.5964276e-01   2.7730107e-01
  -1.7603236e-01  -2.8916371e-01   1.5794544e-01   2.7449198e-01
  -1.6773599e-01  -2.9150415e-01   1.5630089e-01   2.7167341e-01
  -1.6047115e-01  -2.9112324e-01   1.5470324e-01   2.6886431e-01
  -1.5405068e-01  -2.8933848e-01   1.5314759e-01   2.6607471e-01
  -1.4832013e-01  -2.8686777e-01   1.5162994e-01   2.6330984e-01
  -1.4314826e-01  -2.8409626e-01   1.5014703e-01   2.6057225e-01
  -1.3841348e-01  -2.8119513e-01   1.4869620e-01   2.5786276e-01
  -1.3401583e-01  -2.7823600e-01   1.4727535e-01   2.5518148e-01
  -1.2988186e-01  -2.7527085e-01   1.4588281e-01   2.5252836e-01
  -1.2595326e-01  -2.7232021e-01   1.4451724e-01   2.4990328e-01
  -1.2219072e-01  -2.6938655e-01   1.4317764e-01   2.4730602e-01
  -1.1855870e-01  -2.6647141e-01   1.4186310e-01   2.4473635e-01
  -1.1503597e-01  -2.6355975e-01   1.4057302e-01   2.4219401e-01
  -1.1159567e-01  -2.6065930e-01   1.3930671e-01   2.3967884e-01
  -1.0822395e-01  -2.5776140e-01   1.3806377e-01   2.3719062e-01
  -1.0490216e-01  -2.5487252e-01   1.3684370e-01   2.3472923e-01
  -1.0162003e-01  -2.5199096e-01   1.3564620e-01   2.3229451e-01
  -9.8369789e-02  -2.4911350e-01   1.3447095e-01   2.2988629e-01
  -9.5143372e-02  -2.4623879e-01   1.3331770e-01   2.2750444e-01
  -9.1935855e-02  -2.4336421e-01   1.3218626e-01   2.2514882e-01
  -8.8746308e-02  -2.4048914e-01   1.3107657e-01   2.2281933e-01
  -8.5565390e-02  -2.3761133e-01   1.2998830e-01   2.2051581e-01
  -8.2386952e-02  -2.3472898e-01   1.2892125e-01   2.1823812e-01
  -7.9211309e-02  -2.3184198e-01   1.2787537e-01   2.1598618e-01
  -7.6038841e-02  -2.2895024e-01   1.2685063e-01   2.1375991e-01
  -7.2862035e-02  -2.2605161e-01   1.2584677e-01   2.1155916e-01
  -6.9677013e-02  -2.2314486e-01   1.2486364e-01   2.0938382e-01
  -6.6490876e-02  -2.2023186e-01   1.2390142e-01   2.0723388e-01
  -6.3297469e-02  -2.1731076e-01   1.2295989e-01   2.0510921e-01
  -6.0094492e-02  -2.1438080e-01   1.2203893e-01   2.0300970e-01
  -5.6881686e-02  -2.1144168e-01   1.2113853e-01   2.0093528e-01
  -5.3660669e-02  -2.0849355e-01   1.2025871e-01   1.9888591e-01
  -5.0428535e-02  -2.0553550e-01   1.1939936e-01   1.9686149e-01
  -4.7184171e-02  -2.0256706e-01   1.1856041e-01   1.9486192e-01
  -4.3927749e-02  -1.9958779e-01   1.1774187e-01   1.9288717e-01
  -4.0658260e-02  -1.9659722e-01   1.1694371e-01   1.9093717e-01
  -3.7374665e-02  -1.9359487e-01   1.1616585e-01   1.8901183e-01
  -3.4076085e-02  -1.9058010e-01   1.1540832e-01   1.8711111e-01
  -3.0761554e-02  -1.8755194e-01   1.1467122e-01   1.8523506e-01
  -2.7430323e-02  -1.8451029e-01   1.1395439e-01   1.8338352e-01
  -2.4081541e-02  -1.8145464e-01   1.1325781e-01   1.8155642e-01
  -2.0714359e-02  -1.7838448e-01   1.1258143e-01   1.7975370e-01
  -1.7327929e-02  -1.7529930e-01   1.1192523e-01   1.7797529e-01
  -1.3921400e-02  -1.7219860e-01   1.1128918e-01   1.7622112e-01
  -1.0493924e-02  -1.6908188e-01   1.1067323e-01   1.7449114e-01
  -7.0428679e-03  -1.6594629e-01   1.1007783e-01   1.7278561e-01
  -3.5680763e-03  -1.6279223e-01   1.0950275e-01   1.7110433e-01
  -6.8877438e-05  -1.5961944e-01   1.0894792e-01   1.6944721e-01
   3.4556767e-03  -1.5642727e-01   1.0841334e-01   1.6781420e-01
   7.0065341e-03  -1.5321508e-01   1.0789899e-01   1.6620525e-01
   1.0584643e-02  -1.4998225e-01   1.0740487e-01   1.6462031e-01
   1.4190951e-02  -1.4672814e-01   1.0693098e-01   1.6305934e-01
   1.7829575e-02  -1.4344955e-01   1.0647765e-01   1.6152255e-01
   2.1504342e-02  -1.4014352e-01   1.0604522e-01   1.6001014e-01
   2.5213321e-02  -1.3681175e-01   1.0563336e-01   1.5852182e-01
   2.8957819e-02  -1.3345330e-01   1.0524208e-01   1.5705758e-01
   3.2739142e-02  -1.3006725e-01   1.0487144e-01   1.5561739e-01
   3.6558597e-02  -1.2665268e-01   1.0452145e-01   1.5420123e-01
   4.0417490e-02  -1.2320866e-01   1.0419216e-01   1.5280910e-01
   4.4317846e-02  -1.1973378e-01   1.0388366e-01   1.5144101e-01
   4.8278365e-02  -1.1621522e-01   1.0359726e-01   1.5009787e-01
   5.2289317e-02  -1.1265961e-01   1.0333217e-01   1.4877909e-01
   5.6352846e-02  -1.0906545e-01   1.0308851e-01   1.4748468e-01
   6.0471096e-02  -1.0543124e-01   1.0286635e-01   1.4621468e-01
   6.4646211e-02  -1.0175548e-01   1.0266581e-01   1.4496911e-01
   6.8880335e-02  -9.8036671e-02   1.0248696e-01   1.4374800e-01
   7.3175614e-02  -9.4273322e-02   1.0232992e-01   1.4255137e-01
   7.7560193e-02  -9.0446271e-02   1.0219623e-01   1.4138030e-01
   8.2037293e-02  -8.6553288e-02   1.0208606e-01   1.4023484e-01
   8.6599479e-02  -8.2599384e-02   1.0199895e-01   1.3911464e-01
   9.1250829e-02  -7.8581749e-02   1.0193512e-01   1.3801982e-01
   9.5995420e-02  -7.4497570e-02   1.0189476e-01   1.3695046e-01
   1.0083733e-01  -7.0344036e-02   1.0187809e-01   1.3590669e-01
   1.0578064e-01  -6.6118337e-02   1.0188531e-01   1.3488860e-01
   1.1084150e-01  -6.1808991e-02   1.0191718e-01   1.3389670e-01
   1.1606546e-01  -5.7383368e-02   1.0197588e-01   1.3293247e-01
   1.2143499e-01  -5.2854185e-02   1.0206058e-01   1.3199529e-01
   1.2695914e-01  -4.8215072e-02   1.0217173e-01   1.3108545e-01
   1.3264693e-01  -4.3459660e-02   1.0230976e-01   1.3020320e-01
   1.3850929e-01  -3.8580270e-02   1.0247519e-01   1.2934887e-01
   1.4460759e-01  -3.3534716e-02   1.0267074e-01   1.2852434e-01
   1.5093525e-01  -2.8327311e-02   1.0289615e-01   1.2772938e-01
   1.5750930e-01  -2.2946203e-02   1.0315222e-01   1.2696452e-01
   1.6435521e-01  -1.7372997e-02   1.0344006e-01   1.2623049e-01
   1.7152657e-01  -1.1567463e-02   1.0376188e-01   1.2552884e-01
   1.7904019e-01  -5.5179324e-03   1.0411846e-01   1.2486007e-01
   1.8694246e-01   8.1194278e-04   1.0451169e-01   1.2422551e-01
   1.9528165e-01   7.4601592e-03   1.0494354e-01   1.2362652e-01
   2.0410859e-01   1.4468294e-02   1.0541606e-01   1.2306459e-01
   2.1348585e-01   2.1888829e-02   1.0593172e-01   1.2254154e-01
   2.2347664e-01   2.9776910e-02   1.0649305e-01   1.2205922e-01
   2.3416525e-01   3.8210068e-02   1.0710333e-01   1.2162018e-01
   2.4562878e-01   4.7261674e-02   1.0776560e-01   1.2122676e-01
   2.5798020e-01   5.7050564e-02   1.0848427e-01   1.2088259e-01
   2.7131214e-01   6.7675752e-02   1.0926302e-01   1.2059072e-01
   2.8576845e-01   7.9322496e-02   1.1010766e-01   1.2035641e-01
   3.0145814e-01   9.2128244e-02   1.1102270e-01   1.2018366e-01
   3.1854574e-01   1.0639030e-01   1.1201566e-01   1.2008041e-01
   3.3715152e-01   1.2228453e-01   1.1309174e-01   1.2005159e-01
   3.5741266e-01   1.4030919e-01   1.1426027e-01   1.2010963e-01
   3.7946242e-01   1.6070032e-01   1.1552743e-01   1.2026091e-01
   4.0327784e-01   1.8428627e-01   1.1690306e-01   1.2052462e-01
   4.2896312e-01   2.1147401e-01   1.1839473e-01   1.2091092e-01
   4.5629598e-01   2.4325373e-01   1.2001053e-01   1.2144305e-01
   4.8510923e-01   2.8052169e-01   1.2175847e-01   1.2214217e-01
   5.1464040e-01   3.2482261e-01   1.2364155e-01   1.2304526e-01
   5.4442577e-01   3.7728713e-01   1.2566440e-01   1.2418116e-01
   5.7317870e-01   4.3954191e-01   1.2782101e-01   1.2560076e-01
   5.9997315e-01   5.1233206e-01   1.3010707e-01   1.2734535e-01
   6.2337035e-01   5.9556904e-01   1.3250608e-01   1.2946995e-01
   6.4230754e-01   6.8750975e-01   1.3500320e-01   1.3201666e-01
   6.5581669e-01   7.8214746e-01   1.3756997e-01   1.3501584e-01
   6.6359572e-01   8.7075312e-01   1.4017719e-01   1.3845986e-01
   6.6598796e-01   9.4474636e-01   1.4279665e-01   1.4229675e-01
   6.6379962e-01   9.9969028e-01   1.4540359e-01   1.4643928e-01
   6.5791773e-01   1.0352187e+00   1.4797705e-01   1.5079357e-01
   6.4929196e-01   1.0551456e+00   1.5049973e-01   1.5526009e-01
   6.3845486e-01   1.0649396e+00   1.5296096e-01   1.5977628e-01
   6.2570797e-01   1.0681210e+00   1.5535032e-01   1.6429852e-01
   6.1111531e-01   1.0670633e+00   1.5765982e-01   1.6880400e-01
